1471223701, 15634
1471226401, 11438
1471227302, 10729
1471228203, 11984
1471229101, 12413
1471230002, 11194
1471230901, 10684
1471233601, 10290
1471234500, 10948
1471235401, 11501
1471262401, 22750
1471263301, 23028
1471303801, 25358
1471304701, 24256
1471305600, 25091
1471308301, 18236
1471309200, 11286
1471311902, 10503
1471314606, 11007
1471316400, 12063
1471317301, 13555
1471318201, 14306
1471319102, 14950
1471320001, 15216
1471320900, 12373
1471321801, 12434
1471322701, 11549
1471323601, 12067
1471324500, 13178
1471325400, 13386
1471326301, 14275
1471327201, 15558
1471398300, 17808
1471399201, 12097
1471401001, 11904
1471401901, 11105
1471402801, 10858
1471404602, 9736
1471405500, 8059
1471406401, 8986
1471407301, 10321
1471408201, 10979
1471409101, 9340
1471410000, 10629
1471410902, 11491
1471411800, 11381
1471412701, 11942
1471413601, 13300
1471415401, 16442
1471416301, 18476
1471417200, 15798
1471418102, 15636
1471425862, 29035
1471426458, 27997
1471446901, 28080
1471447801, 29099
1471448701, 28458
1471449600, 28390
1471451401, 32462
1471452301, 33359
1471455001, 31713
1471456801, 37070
1471457700, 38078
1471458601, 41464
1471460401, 38084
1471461300, 38317
1471462201, 41813
1471463101, 42163
1471464001, 41219
1471465800, 35328
1471473921, 29914
1471481100, 18367
1471482901, 15096
1471483801, 13567
1471484701, 13479
1471485601, 13725
1471486501, 14180
1471487401, 13537
1471489200, 13985
1471490101, 14600
1471491000, 13589
1471492801, 14625
1471493700, 13918
1471494601, 14946
1471495500, 15403
1471496401, 15447
1471497300, 16707
1471499100, 18562
1471500000, 16711
1471500901, 17517
1471568401, 16635
1471570200, 15238
1471571106, 15621
1471572002, 15405
1471572901, 15715
1471573801, 15401
1471575601, 15514
1471576501, 15247
1471578301, 13716
1471579201, 13736
1471580101, 14013
1471581000, 14550
1471581901, 14015
1471582801, 12675
1471583700, 13773
1471584601, 14030
1471624201, 38528
1471634101, 43358
1471650302, 31240
1471652101, 20694
1471653000, 21697
1471660201, 18063
1471661100, 18815
1471662001, 19774
1471662900, 19835
1471663801, 20522
1471664700, 17040
1471665601, 15001
1471666501, 12958
1471667400, 13926
1471668300, 12722
1471670101, 13225
1471671000, 13718
1471671901, 15601
1471672801, 17752
1471709701, 37802
1471710601, 38443
1471711502, 42456
1471712401, 42184
1471713301, 42157
1471714201, 37988
1471715101, 38200
1471716000, 40003
1471716901, 37449
1471718701, 50372
1471719600, 52713
1471720501, 54600
1471721401, 57615
1471722300, 60623
1471723201, 61106
1471724100, 60201
1471725001, 55612
1471725900, 34195
1471726801, 29934
1471736701, 24131
1471737600, 24502
1471738500, 23499
1471740301, 23196
1471741201, 14889
1471742100, 12090
1471743001, 13343
1471744801, 10754
1471745700, 11421
1471746601, 10713
1471747500, 9129
1471748400, 9464
1471749300, 11917
1471750201, 11463
1471751100, 11759
1471752000, 10103
1471752901, 10782
1471753802, 11018
1471754701, 12103
1471755600, 13184
1471756501, 13949
1471799702, 43911
1471807808, 53281
1471809601, 50167
1471810500, 50083
1471811418, 39056
1471812300, 42146
1471813201, 40512
1471814109, 42153
1471815017, 43049
1471816801, 40226
1471817700, 35638
1471819501, 32995
1471820401, 32715
1471822200, 27857
1471823101, 23914
1471824900, 22038
1471825801, 21933
1471827601, 17398
1471828501, 18012
1471829401, 17002
1471830301, 15723
1471831201, 16838
1471832101, 16766
1471833002, 16906
1471834801, 16046
1471836600, 13116
1471837501, 14657
1471904101, 23228
1471906800, 18642
1471907701, 20533
1471911301, 19361
1471912201, 18882
1471914000, 18325
1471914901, 19009
1471915801, 18351
1471916701, 17158
1471917601, 17170
1471918500, 17261
1471919401, 13835
1471921201, 12033
1471922101, 13297
1471923001, 13904
1471923901, 14160
1471924801, 13250
1471926601, 13417
1471927500, 12101
1471928400, 12175
1471929301, 13201
1471952906, 37135
1472000401, 28838
1472001304, 26536
1472002200, 19583
1472003101, 19044
1472004001, 19877
1472004901, 19634
1472006703, 19022
1472007600, 16408
1472009403, 18883
1472011200, 18952
1472012101, 17063
1472013901, 18211
1472016601, 20939
1472017500, 22075
1472020201, 18552
1472086801, 17176
1472088601, 19296
1472091318, 17881
1472092218, 16392
1472093101, 16471
1472094001, 16407
1472096700, 17171
1472097601, 16134
1472153270, 52732
1472167099, 27896
1472169658, 27393
1472180600, 20763
1472185279, 17519
1472186768, 16489
1472187601, 16844
1472427902, 35219
1472428800, 37663
1472429701, 36815
1472430600, 36877
1472431501, 35814
1472433300, 29757
1472435101, 30494
1472436901, 28671
1472439601, 27216
1472441401, 20051
1472443200, 21220
1472444101, 20150
1472512501, 37352
1472513401, 37800
1472514301, 36890
1472515200, 37355
1472517001, 34211
1472517901, 28416
1472518801, 26733
1472519701, 24717
1472522401, 23176
1472523301, 23782
1472524200, 23760
1472526001, 14482
1472526905, 14596
1472528701, 14695
1472530501, 15816
1472531401, 16482
1472598901, 26695
1472599801, 27144
1472605203, 21714
1472606101, 17271
1472609701, 22352
1472610601, 21907
1472611501, 22129
1472612401, 22347
1472615100, 18425
1472616000, 19009
1472616901, 19675
1472617801, 17547
1472618701, 12132
1472620501, 14693
1472639401, 36090
1472658177, 40450
1472666401, 63022
1472686201, 26940
1472687100, 28333
1472688000, 28196
1472689800, 26523
1472691600, 25192
1472692501, 20716
1472693400, 19098
1472694300, 19918
1472695201, 20664
1472697000, 20617
1472724900, 22086
1472733900, 26953
1472773501, 13851
1472776200, 11774
1472777102, 12744
1472778001, 14109
1472778901, 15383
1472783401, 13116
1472784300, 14833
1472785200, 15842
1472786263, 14706
1472788801, 18479
1472790600, 16918
1472791501, 16502
1472792400, 15844
1472862600, 35277
1472863501, 33704
1472865300, 34888
1472866201, 32890
1472868900, 33951
1472870700, 32230
1472871601, 32563
1472872501, 32878
1472873401, 31350
1472875201, 33711
1472876100, 31091
1472877001, 31326
1472878800, 34886
1472879701, 37024
1472880601, 32834
1472881501, 33051
1472882400, 31433
1472887802, 40721
1472903100, 51697
1472904002, 47562
1472904901, 50505
1472906701, 52511
1472909401, 52388
1472911200, 59494
1472912101, 47380
1472913005, 24984
1472919301, 42894
1472920200, 44905
1472921101, 47211
1472922063, 47258
1472922901, 48585
1472923801, 50294
1472924701, 49699
1472925867, 57436
1472928300, 51553
1472929200, 54681
1472930101, 57704
1472933297, 49243
1472934600, 34654
1472957100, 15539
1472958000, 17346
1472958902, 17409
1473001201, 51963
1473003001, 58230
1473003900, 62249
1473004801, 66627
1473006600, 53917
1473007500, 50935
1473008401, 53379
1473009305, 55073
1473011101, 55287
1473022801, 53540
1473024600, 54623
1473026401, 51434
1473029101, 40612
1473030901, 36135
1473031801, 14413
1473041701, 21791
1473046201, 19847
1473047101, 19997
1473048001, 21833
1473048900, 23243
1473050701, 23658
1473052501, 25476
1473100201, 54039
1473102901, 54592
1473103800, 56769
1473106501, 38079
1473111001, 37800
1473116400, 31234
1473118201, 26813
1473119100, 10965
1473120000, 13872
1473120900, 14915
1473121800, 15225
1473122701, 16582
1473127200, 17670
1473128100, 17900
1473129900, 19496
1473131701, 20501
1473132601, 20986
